GO:0098772	GO:0016772	GO:0004842;GO:0019787	GO:0003779	GO:0046872;GO:0043169	GO:0030234	GO:0005488	GO:0005515	unknown	GO:0003676	GO:0003964;GO:0034061;GO:0016779;GO:0140097	GO:0042578	GO:0003674	GO:0016788	GO:0016740	GO:0043168;GO:1901265;GO:0000166;GO:0036094	GO:0005509	GO:0008092	GO:0003824	GO:0003677	GO:0043167	GO:0016747;GO:0016746	GO:0140096	GO:0008270;GO:0046914	GO:0016787	GO:0016491	GO:0097159;GO:1901363	GO:0005524;GO:0032559;GO:0035639;GO:0030554;GO:0032555;GO:0017076;GO:0032553;GO:0097367
0	1.000	1.000	1.000	1.000	0.000	0.714	0.714	1	1.000	1.000	1.000	0.000	1.000	1.000	1.000	1.000	1.000	1.000	1.000	1.000	1.000	1.000	1.000	1.000	1.000	1.000	1.000
1.000	0	1.000	1.000	1.000	1.000	1.000	1.000	1	1.000	0.143	1.000	0.000	1.000	0.000	1.000	1.000	1.000	0.000	1.000	1.000	1.000	1.000	1.000	1.000	1.000	1.000	1.000
1.000	1.000	0	1.000	1.000	1.000	1.000	1.000	1	1.000	1.000	1.000	0.000	1.000	0.000	1.000	1.000	1.000	0.000	1.000	1.000	1.000	0.000	1.000	1.000	1.000	1.000	1.000
1.000	1.000	1.000	0	1.000	1.000	0.000	0.000	1	1.000	1.000	1.000	0.000	1.000	1.000	1.000	1.000	0.000	1.000	1.000	1.000	1.000	1.000	1.000	1.000	1.000	1.000	1.000
1.000	1.000	1.000	1.000	0	1.000	0.000	1.000	1	1.000	1.000	1.000	0.000	1.000	1.000	1.000	0.000	1.000	1.000	1.000	0.000	1.000	1.000	0.000	1.000	1.000	1.000	1.000
0.000	1.000	1.000	1.000	1.000	0	1.000	1.000	1	1.000	1.000	1.000	0.000	1.000	1.000	1.000	1.000	1.000	1.000	1.000	1.000	1.000	1.000	1.000	1.000	1.000	1.000	1.000
0.714	1.000	1.000	0.000	0.000	1.000	0	0.000	1	0.000	1.000	1.000	0.000	1.000	1.000	0.000	0.000	0.000	1.000	0.000	0.000	1.000	1.000	0.000	1.000	1.000	0.000	0.000
0.714	1.000	1.000	0.000	1.000	1.000	0.000	0	1	1.000	1.000	1.000	0.000	1.000	1.000	1.000	1.000	0.000	1.000	1.000	1.000	1.000	1.000	1.000	1.000	1.000	1.000	1.000
1	1	1	1	1	1	1	1	0	1.000	1.000	1.000	1.000	1.000	1.000	1.000	1.000	1.000	1.000	1.000	1.000	1.000	1.000	1.000	1.000	1.000	1.000	1.000
1.000	1.000	1.000	1.000	1.000	1.000	0.000	1.000	1.000	0	1.000	1.000	0.000	1.000	1.000	1.000	1.000	1.000	1.000	0.000	1.000	1.000	1.000	1.000	1.000	1.000	0.000	1.000
1.000	0.143	1.000	1.000	1.000	1.000	1.000	1.000	1.000	1.000	0	1.000	0.000	1.000	0.143	1.000	1.000	1.000	0.000	1.000	1.000	1.000	1.000	1.000	0.857	1.000	1.000	1.000
1.000	1.000	1.000	1.000	1.000	1.000	1.000	1.000	1.000	1.000	1.000	0	0.000	0.000	1.000	1.000	1.000	1.000	0.000	1.000	1.000	1.000	0.800	1.000	0.000	1.000	1.000	1.000
0.000	0.000	0.000	0.000	0.000	0.000	0.000	0.000	1.000	0.000	0.000	0.000	0	0.000	0.000	0.000	0.000	0.000	0.000	0.000	0.000	0.000	0.000	0.000	0.000	0.000	0.000	0.000
1.000	1.000	1.000	1.000	1.000	1.000	1.000	1.000	1.000	1.000	1.000	0.000	0.000	0	1.000	1.000	1.000	1.000	0.000	1.000	1.000	1.000	0.857	1.000	0.000	1.000	1.000	1.000
1.000	0.000	0.000	1.000	1.000	1.000	1.000	1.000	1.000	1.000	0.143	1.000	0.000	1.000	0	1.000	1.000	1.000	0.000	1.000	1.000	0.000	0.417	1.000	1.000	1.000	1.000	1.000
1.000	1.000	1.000	1.000	1.000	1.000	0.000	1.000	1.000	1.000	1.000	1.000	0.000	1.000	1.000	0	1.000	1.000	1.000	1.000	0.174	1.000	1.000	1.000	1.000	1.000	0.043	0.000
1.000	1.000	1.000	1.000	0.000	1.000	0.000	1.000	1.000	1.000	1.000	1.000	0.000	1.000	1.000	1.000	0	1.000	1.000	1.000	0.000	1.000	1.000	1.000	1.000	1.000	1.000	1.000
1.000	1.000	1.000	0.000	1.000	1.000	0.000	0.000	1.000	1.000	1.000	1.000	0.000	1.000	1.000	1.000	1.000	0	1.000	1.000	1.000	1.000	1.000	1.000	1.000	1.000	1.000	1.000
1.000	0.000	0.000	1.000	1.000	1.000	1.000	1.000	1.000	1.000	0.000	0.000	0.000	0.000	0.000	1.000	1.000	1.000	0	1.000	1.000	0.000	0.000	1.000	0.000	0.000	1.000	1.000
1.000	1.000	1.000	1.000	1.000	1.000	0.000	1.000	1.000	0.000	1.000	1.000	0.000	1.000	1.000	1.000	1.000	1.000	1.000	0	1.000	1.000	1.000	1.000	1.000	1.000	0.000	1.000
1.000	1.000	1.000	1.000	0.000	1.000	0.000	1.000	1.000	1.000	1.000	1.000	0.000	1.000	1.000	0.174	0.000	1.000	1.000	1.000	0	1.000	1.000	0.000	1.000	1.000	0.609	0.000
1.000	1.000	1.000	1.000	1.000	1.000	1.000	1.000	1.000	1.000	1.000	1.000	0.000	1.000	0.000	1.000	1.000	1.000	0.000	1.000	1.000	0	1.000	1.000	1.000	1.000	1.000	1.000
1.000	1.000	0.000	1.000	1.000	1.000	1.000	1.000	1.000	1.000	1.000	0.800	0.000	0.857	0.417	1.000	1.000	1.000	0.000	1.000	1.000	1.000	0	1.000	0.583	1.000	1.000	1.000
1.000	1.000	1.000	1.000	0.000	1.000	0.000	1.000	1.000	1.000	1.000	1.000	0.000	1.000	1.000	1.000	1.000	1.000	1.000	1.000	0.000	1.000	1.000	0	1.000	1.000	1.000	1.000
1.000	1.000	1.000	1.000	1.000	1.000	1.000	1.000	1.000	1.000	0.857	0.000	0.000	0.000	1.000	1.000	1.000	1.000	0.000	1.000	1.000	1.000	0.583	1.000	0	1.000	1.000	1.000
1.000	1.000	1.000	1.000	1.000	1.000	1.000	1.000	1.000	1.000	1.000	1.000	0.000	1.000	1.000	1.000	1.000	1.000	0.000	1.000	1.000	1.000	1.000	1.000	1.000	0	1.000	1.000
1.000	1.000	1.000	1.000	1.000	1.000	0.000	1.000	1.000	0.000	1.000	1.000	0.000	1.000	1.000	0.043	1.000	1.000	1.000	0.000	0.609	1.000	1.000	1.000	1.000	1.000	0	0.000
1.000	1.000	1.000	1.000	1.000	1.000	0.000	1.000	1.000	1.000	1.000	1.000	0.000	1.000	1.000	0.000	1.000	1.000	1.000	1.000	0.000	1.000	1.000	1.000	1.000	1.000	0.000	0
